square = [
  0 0 0
  1 0 0
  1 1 0
  0 1 0
];


K = [
0 0 0
1 0 0
0.5 0 0 
1 1 0
0.5 0 0 
0 1 0
];

traj = square;

x = traj(:,1);
y = traj(:,2);
theta = traj(:,3);
